id: bsds500_affine_rotation
segSaveDir: results
BSDS500_root: /home/nepe/etit_arbeit/data_sets/bsds500/BSR/BSDS500/data
mode: test
nImages: 200.0
xLabel: Image Rotation in Degree
affine_trafo:
- name: r_0
  parVal: 0
  T:
  - [1.0, 0.0, 0.0]
  - [0.0, 1., 0.0]
  - [0.0, 0.0, 1.0]
- name: r_5
  parVal: 5
  T:
  - [0.9961946980917455, 0.08715574274765817, 0.0]
  - [-0.08715574274765817, 0.9961946980917455, 0.0]
  - [0.0, 0.0, 1.0]
- name: r_10
  parVal: 10
  T:
  - [0.984807753012208, 0.17364817766693033, 0.0]
  - [-0.17364817766693033, 0.984807753012208, 0.0]
  - [0.0, 0.0, 1.0]
- name: r_15
  parVal: 15
  T:
  - [0.9659258262890683, 0.25881904510252074, 0.0]
  - [-0.25881904510252074, 0.9659258262890683, 0.0]
  - [0.0, 0.0, 1.0]
- name: r_30
  parVal: 30
  T:
  - [0.8660254037844387, 0.49999999999999994, 0.0]
  - [-0.49999999999999994, 0.8660254037844387, 0.0]
  - [0.0, 0.0, 1.0]
- name: r_45
  parVal: 45
  T:
  - [0.7071067811865476, 0.7071067811865475, 0.0]
  - [-0.7071067811865475, 0.7071067811865476, 0.0]
  - [0.0, 0.0, 1.0]
- name: r_60
  parVal: 60
  T:
  - [0.5000000000000001, 0.8660254037844386, 0.0]
  - [-0.8660254037844386, 0.5000000000000001, 0.0]
  - [0.0, 0.0, 1.0]
- name: r_75
  parVal: 75
  T:
  - [0.25881904510252074, 0.9659258262890683, 0.0]
  - [-0.9659258262890683, 0.25881904510252074, 0.0]
  - [0.0, 0.0, 1.0]
- name: r_90
  parVal: 90
  T:
  - [6.123233995736766E-17, 1.0, 0.0]
  - [-1.0, 6.123233995736766E-17, 0.0]
  - [0.0, 0.0, 1.0]
- name: r_105
  parVal: 105
  T:
  - [-0.25881904510252085, 0.9659258262890683, 0.0]
  - [-0.9659258262890683, -0.25881904510252085, 0.0]
  - [0.0, 0.0, 1.0]
- name: r_120
  parVal: 120
  T:
  - [-0.4999999999999998, 0.8660254037844387, 0.0]
  - [-0.8660254037844387, -0.4999999999999998, 0.0]
  - [0.0, 0.0, 1.0]
- name: r_135
  parVal: 135
  T:
  - [-0.7071067811865475, 0.7071067811865476, 0.0]
  - [-0.7071067811865476, -0.7071067811865475, 0.0]
  - [0.0, 0.0, 1.0]
- name: r_150
  parVal: 150
  T:
  - [-0.8660254037844387, 0.49999999999999994, 0.0]
  - [-0.49999999999999994, -0.8660254037844387, 0.0]
  - [0.0, 0.0, 1.0]
- name: r_165
  parVal: 165
  T:
  - [-0.9659258262890682, 0.258819045102521, 0.0]
  - [-0.258819045102521, -0.9659258262890682, 0.0]
  - [0.0, 0.0, 1.0]
- name: r_180
  parVal: 180
  T:
  - [-1.0, 0.0, 0.0]
  - [0.0, -1.0, 0.0]
  - [0.0, 0.0, 1.0]
